0000
0011
0022
0033
0044
0055
0066
0077
0088
0102
0110
0121
0134
0145
0153
0167
0178
0186
0201
0212
0220
0235
0243
0254
0268
0276
0287
0304
0313
0326
0330
0341
0352
0365
0379
0398
0403
0414
0425
0432
0440
0451
0469
0497
0506
0515
0523
0531
0542
0550
0564
0589
0605
0616
0624
0637
0648
0659
0660
0671
0682
0693
0708
0717
0729
0736
0762
0770
0781
0794
0807
0818
0839
0846
0861
0872
0880
0895
0919
0927
0956
0973
0984
1001
1012
1020
1035
1043
1054
1068
1076
1087
1100
1111
1122
1133
1144
1155
1166
1177
1188
1202
1210
1221
1234
1245
1253
1267
1278
1286
1303
1314
1325
1331
1340
1356
1362
1389
1397
1404
1413
1426
1437
1441
1450
1465
1472
1498
1505
1516
1524
1530
1547
1551
1563
1579
1582
1606
1615
1623
1638
1642
1657
1661
1670
1684
1707
1718
1732
1746
1769
1771
1780
1793
1808
1817
1829
1836
1860
1873
1881
1894
1909
1928
1952
1964
1975
1983
2002
2010
2021
2034
2045
2053
2067
2078
2086
2101
2112
2120
2135
2143
2154
2168
2176
2187
2200
2211
2222
2233
2244
2255
2266
2277
2288
2305
2316
2324
2332
2347
2351
2360
2373
2406
2415
2423
2430
2442
2457
2461
2474
2489
2504
2513
2526
2537
2541
2552
2565
2570
2598
2603
2614
2625
2631
2640
2656
2662
2679
2709
2728
2763
2772
2784
2791
2819
2827
2838
2850
2864
2871
2882
2893
2907
2918
2936
2949
2980
3003
3014
3025
3031
3040
3056
3062
3089
3097
3105
3113
3124
3130
3141
3152
3169
3198
3204
3215
3223
3236
3242
3250
3261
3279
3300
3311
3322
3333
3344
3355
3366
3377
3388
3401
3412
3420
3435
3443
3454
3467
3478
3486
3502
3510
3521
3534
3545
3553
3568
3576
3587
3607
3618
3626
3632
3649
3651
3663
3674
3680
3695
3706
3719
3727
3738
3765
3773
3782
3790
3816
3828
3837
3859
3870
3883
3891
3908
3917
3929
3946
3960
3972
3985
4004
4013
4026
4030
4041
4052
4065
4079
4098
4106
4114
4123
4131
4140
4157
4162
4185
4203
4216
4224
4232
4247
4251
4260
4275
4302
4310
4321
4334
4345
4353
4368
4376
4387
4400
4411
4422
4433
4444
4455
4466
4477
4488
4501
4512
4520
4535
4543
4554
4567
4578
4586
4608
4617
4629
4636
4650
4664
4672
4681
4705
4737
4742
4756
4761
4774
4783
4809
4825
4858
4863
4884
4892
4915
4938
4959
4970
5005
5016
5024
5032
5047
5051
5060
5073
5103
5115
5126
5137
5142
5150
5161
5174
5189
5206
5214
5225
5230
5248
5257
5262
5271
5283
5301
5312
5323
5335
5346
5354
5367
5370
5402
5410
5421
5434
5445
5453
5468
5476
5487
5500
5511
5522
5533
5544
5555
5566
5577
5588
5604
5613
5620
5639
5641
5652
5665
5678
5686
5697
5731
5740
5758
5764
5775
5792
5843
5856
5869
5885
5890
5963
5979
5981
6006
6015
6023
6038
6042
6050
6061
6074
6104
6116
6125
6132
6147
6151
6160
6173
6205
6213
6226
6237
6241
6252
6264
6270
6289
6309
6317
6320
6336
6343
6358
6372
6381
6394
6407
6418
6424
6431
6446
6459
6462
6475
6480
6493
6503
6514
6527
6540
6556
6569
6571
6585
6592
6600
6611
6622
6633
6644
6655
6666
6677
6688
6701
6712
6730
6748
6753
6776
6787
6795
6802
6810
6821
6834
6845
6857
6878
6886
6935
6954
6967
6982
7007
7018
7039
7046
7063
7071
7080
7092
7109
7117
7128
7136
7164
7170
7181
7195
7208
7219
7227
7231
7240
7256
7273
7282
7294
7315
7329
7337
7342
7350
7361
7374
7383
7396
7416
7438
7447
7452
7460
7479
7484
7491
7525
7532
7548
7557
7590
7602
7610
7621
7634
7645
7658
7667
7689
7700
7711
7722
7733
7744
7755
7766
7777
7788
7801
7812
7820
7835
7849
7854
7868
7876
7887
7903
7914
7926
7951
7965
7978
8008
8017
8029
8036
8064
8070
8081
8093
8118
8127
8139
8146
8163
8171
8180
8192
8207
8228
8249
8265
8272
8284
8290
8338
8357
8369
8382
8395
8405
8419
8448
8456
8473
8494
8509
8558
8560
8574
8583
8591
8601
8612
8630
8643
8654
8668
8675
8687
8696
8702
8710
8721
8734
8745
8759
8767
8778
8786
8800
8811
8822
8833
8844
8855
8866
8877
8888
8904
8913
8925
8932
8941
8950
8976
9009
9028
9037
9072
9083
9091
9107
9119
9138
9156
9182
9190
9217
9229
9246
9258
9263
9274
9281
9295
9306
9327
9339
9348
9364
9371
9380
9392
9408
9436
9449
9485
9518
9559
9561
9573
9584
9596
9647
9653
9669
9676
9694
9704
9713
9720
9735
9741
9752
9768
9779
9805
9814
9823
9831
9840
9862
9889
9897
